 501 10 12  9 25  883.92 978013.31
 500 10 18  9 48  731.52 978040.24
1335 10 06        435.86 978054.35
1682 10 15 10 15  438.91 978083.61
1663 10 14 10 42  396.24 978094.79
1584 10 17 11 06  518.16 978032.26
1578 10 03 11 08  487.68 978040.59
1635 10 16 11 16  365.76 978105.70
 502  9 55  8 56 1219.20 977857.91
 815  9 35  8 33 1097.28 977907.71
1722  9 44 10 16  414.52 978092.69
1516  9 50 11 10  487.68 978063.56
1544  9 50        502.92 978051.02
1554  9 38 11 24  579.12 978112.83
1558  9 32 11 08  487.68 978059.68
1723  9 23  9 12 1264.92 977896.92
1724  9 10  9 22  548.64 977946.75
1834  9 20  9 24 1341.12 978896.99
1070  9 22  9 42  457.20 978053.83
1069  9 22  9 58  548.64 978077.13
1071  9 08  9 48  548.64 978077.74
1076  9 05  9 57  335.28 978081.61
1091  9 19 10 10  640.08 978050.52
1632  9 12 10 33  182.88 978116.39
1625  9 13 10 53  143.84 978110.01
1488  9 12 11 16  182.88 978126.56
1590  9 22 11 08  518.16 978109.83
1481  9 02 11 24  457.20 978086.98
 817  8 56  8 36  335.28 978058.09
 880  8 52        182.88 978104.99
 878  8 35  8 51  185.93 978100.98
1038  8 38  9 31  182.88 978115.78
1031  8 50  9 27  182.88 978127.33
1815  8 50 10 22  167.64 978131.92
1437  8 40 10 26  152.40 978113.58
1441  8 31 10 21  152.40 978141.63
1427  8 38 10 48  182.88 978112.77
1425  8 51 11 22  335.28 978104.11
 819  8 29  8 31  182.88 978099.25
 839  8 10  8 35  167.64 978071.28
 844  8 22  8 46  182.88 978077.42
 867  8 08  8 48  121.92 978106.11
 852  8 17  9 05  182.88 978116.87
 888  8 23  9 10  106.68 978123.21
 860  8 05  9 19  167.64 978127.65
1309  8 19         76.20 978132.20
 983  8 11  9 44   82.30 978125.15
1776  8 28 10 06  121.92 978139.27
1299  8 05 10 05  158.50 978108.39
 890  7 45  8 32   60.96 978103.61
 919  7 49  8 51   60.69 978113.38
 997  7 51  9 24  106.68 978114.12
1003  7 54  9 51   91.44 978122.13
 965  7 51  9 46  182.88 978089.79
 990  7 40  9 53  152.40 978090.78
1325  7 53 10 23  228.60 978102.08
1316  7 43  9 39  228.60 978093.29
1374  7 52 10 58  304.80 978074.94
1143  7 20  8 59  213.36 978089.48
 939  7 22  9 03  115.82 978094.47
 964  7 29  9 20  143.27 978091.35
1206  7 11  9 16  115.82 978094.59
1243  7 15  9 59  365.76 978060.00
